1	1	1.000
1	2	0.743
1	3	0.650
1	4	0.625
1	5	0.421
1	6	0.405
1	7	0.432
1	8	0.459
1	9	0.528
1	10	0.250
2	1	0.743
2	2	1.000
2	3	0.825
2	4	0.846
2	5	0.605
2	6	0.639
2	7	0.667
2	8	0.694
2	9	0.722
2	10	0.462
3	1	0.650
3	2	0.825
3	3	1.000
3	4	0.974
3	5	0.610
3	6	0.600
3	7	0.625
3	8	0.650
3	9	0.675
3	10	0.409
4	1	0.625
4	2	0.846
4	3	0.974
4	4	1.000
4	5	0.585
4	6	0.615
4	7	0.641
4	8	0.667
4	9	0.650
4	10	0.419
5	1	0.421
5	2	0.605
5	3	0.610
5	4	0.585
5	5	1.000
5	6	0.857
5	7	0.828
5	8	0.800
5	9	0.833
5	10	0.562
6	1	0.405
6	2	0.639
6	3	0.600
6	4	0.615
6	5	0.857
6	6	1.000
6	7	0.962
6	8	0.926
6	9	0.828
6	10	0.600
7	1	0.432
7	2	0.667
7	3	0.625
7	4	0.641
7	5	0.828
7	6	0.962
7	7	1.000
7	8	0.963
7	9	0.862
7	10	0.633
8	1	0.459
8	2	0.694
8	3	0.650
8	4	0.667
8	5	0.800
8	6	0.926
8	7	0.963
8	8	1.000
8	9	0.833
8	10	0.613
9	1	0.528
9	2	0.722
9	3	0.675
9	4	0.650
9	5	0.833
9	6	0.828
9	7	0.862
9	8	0.833
9	9	1.000
9	10	0.594
10	1	0.250
10	2	0.462
10	3	0.409
10	4	0.419
10	5	0.562
10	6	0.600
10	7	0.633
10	8	0.613
10	9	0.594
10	10	1.000
